x = [1:1554];
y = [17.4 15.1 23.9 27.1 31.7 34.4 38.6 40.7 41.6 39.2 40.9 41.8 42.1 42.2 42.4 42.4 42.3 42.3 39.6 41.1 41.8 42.1 36.7 37.0 39.8 38.2 40.5 41.5 41.9 42.2 35.3 39.5 41.1 36.2 39.5 41.1 41.8 42.1 36.6 42.3 42.3 42.3 35.9 37.8 40.3 41.5 41.9 42.0 42.2 39.6 43.8 42.9 42.6 42.5 42.4 42.4 42.4 45.1 46.2 43.9 43.0 45.4 36.0 39.9 41.2 33.5 40.6 41.6 42.0 42.2 44.9 46.2 43.8 43.0 42.6 45.2 38.6 41.1 44.5 43.3 45.4 46.3 44.0 45.8 46.5 46.7 46.9 46.9 46.9 46.9 46.9 46.9 46.9 44.2 45.9 43.8 45.6 38.0 43.0 45.3 43.0 45.3 46.3 38.7 40.6 44.3 45.8 46.5 46.8 46.9 46.8 44.2 45.8 46.5 46.7 46.9 46.9 46.8 47.0 46.9 46.9 46.9 46.9 46.9 47.0 46.8 46.9 46.9 46.9 47.1 38.5 33.3 45.8 49.1 50.3 50.7 41.0 51.0 50.9 51.0 48.5 39.7 50.1 50.6 50.9 51.0 41.2 51.0 51.0 51.0 51.0 38.5 48.4 50.1 50.7 48.3 37.1 47.4 49.7 50.6 50.9 41.0 51.0 51.0 47.6 49.7 49.7 48.0 49.9 50.6 42.6 30.5 30.5 30.5 32.1 35.2 36.8 36.8 39.7 46.4 49.3 31.7 33.2 33.2 33.2 34.8 34.8 34.8 39.2 46.3 49.3 33.4 35.0 35.0 36.5 35.0 36.5 36.5 42.2 47.5 49.8 31.8 31.8 33.4 33.4 33.4 31.8 35.0 39.5 46.2 49.2 33.4 33.4 35.0 33.4 35.0 38.0 39.3 42.2 50.0 48.0 33.0 33.0 34.4 34.4 36.0 36.0 40.4 41.8 49.8 50.6 33.9 33.9 33.9 35.5 38.5 40.0 40.0 42.6 47.8 39.4 32.6 34.1 34.1 35.7 34.1 35.7 35.7 41.5 47.2 46.5 32.2 33.8 33.8 35.4 33.8 35.4 39.8 41.2 44.5 48.5 35.1 38.1 39.6 39.6 38.1 39.6 41.0 44.8 48.7 50.1 32.0 33.6 32.0 32.0 33.6 33.6 35.2 39.2 46.4 49.3 40.2 50.3 50.9 50.9 48.4 37.2 47.4 47.2 49.6 50.4 36.0 45.5 49.0 50.3 50.7 39.8 48.2 50.1 50.7 50.8 41.1 51.0 51.0 51.0 51.1 51.1 48.5 50.2 50.6 51.0 41.1 51.0 51.0 51.0 51.0 38.6 48.5 50.0 50.7 51.0 36.2 39.2 40.5 40.5 39.2 40.5 41.9 45.7 49.0 47.7 32.7 32.7 34.3 34.3 34.3 35.9 40.2 40.2 51.2 48.5 33.1 34.6 33.1 34.6 34.6 36.2 40.6 41.9 47.5 49.7 31.9 31.9 31.9 33.4 33.4 33.4 35.0 39.5 46.3 46.7 46.7 32.3 32.3 32.3 33.9 37.0 38.4 41.3 49.6 50.5 33.9 35.5 33.9 35.5 33.9 40.0 40.0 42.6 47.8 49.8 33.7 35.2 35.2 35.2 33.7 39.7 39.7 42.4 47.6 49.9 33.6 33.6 33.6 35.2 38.2 38.2 39.7 42.4 50.1 50.7 50.7 35.4 35.4 36.9 36.9 38.3 38.3 42.5 47.6 49.8 31.9 31.9 33.5 33.5 33.5 35.0 39.5 42.2 53.1 51.6 34.5 36.0 36.0 37.5 36.0 37.5 37.5 43.1 50.3 50.8 41.0 50.9 51.0 51.0 51.0 38.5 48.3 50.1 50.7 50.8 41.1 50.9 50.7 48.5 47.4 39.0 49.7 50.6 50.9 50.8 38.5 48.4 49.9 50.7 50.8 41.1 51.0 51.0 50.9 51.0 38.5 48.5 50.1 48.1 50.0 38.0 48.0 50.0 50.6 50.9 36.1 39.1 40.5 40.5 39.1 40.5 41.9 45.6 48.9 50.3 50.3 32.1 32.1 33.6 32.1 33.6 35.1 39.6 46.4 49.2 33.5 35.0 35.0 35.0 36.5 36.5 39.5 42.2 45.0 48.7 33.1 34.6 34.6 33.1 34.6 36.3 40.7 42.0 49.9 50.6 34.0 35.5 35.5 35.5 37.1 37.1 41.4 42.7 50.2 50.8 36.1 36.1 37.6 40.4 41.8 41.8 41.8 45.6 46.4 49.3 33.4 35.0 35.0 35.0 36.5 36.5 38.0 42.2 47.6 49.7 33.6 35.2 35.2 35.2 36.7 36.7 36.7 42.4 45.1 48.8 31.5 33.0 34.6 33.0 33.0 34.6 34.6 39.1 46.1 49.2 49.2 31.6 33.2 33.2 31.6 33.2 34.8 39.3 46.2 49.2 33.4 35.0 35.0 36.5 36.5 35.0 40.9 42.2 47.6 49.7 37.9 48.0 43.5 46.7 49.4 49.4 47.8 47.3 49.7 50.5 38.3 48.3 52.4 51.5 51.1 36.3 45.7 49.0 52.8 53.9 42.8 52.0 51.4 51.2 51.0 44.2 53.5 51.8 51.3 46.2 35.2 44.9 51.2 51.0 48.5 48.5 47.6 49.1 50.5 53.3 53.3 49.2 50.4 50.7 50.9 38.5 48.4 50.0 50.7 50.9 38.5 48.4 47.4 49.8 48.0 39.4 50.0 50.6 50.9 51.0 38.5 48.4 50.1 50.6 50.9 50.9 48.3 50.0 48.1 47.4 47.4 47.0 49.5 47.9 49.9 37.9 48.1 50.0 48.1 49.9 40.5 50.6 50.9 48.4 50.0 40.6 50.7 50.9 50.9 51.0 41.2 51.0 48.5 50.0 50.8 38.4 48.3 50.1 50.6 50.9 38.5 48.5 50.0 50.7 50.9 38.5 48.4 50.0 50.7 48.4 39.5 50.0 48.0 50.0 50.7 41.0 50.8 51.0 51.1 51.1 41.2 50.9 51.0 51.0 51.1 41.2 50.9 51.0 51.1 51.1 38.5 48.4 50.1 50.7 50.9 38.5 48.4 50.1 50.4 50.9 41.1 51.0 51.0 51.0 51.0 41.1 51.0 48.5 50.0 48.1 39.4 49.9 50.6 50.8 48.4 39.6 50.1 50.7 48.3 50.1 50.1 48.1 49.9 50.6 50.9 50.9 48.4 50.0 50.7 50.9 41.1 51.0 48.4 50.1 50.7 41.0 50.9 50.9 51.0 51.1 51.1 48.4 50.1 50.7 50.9 38.4 48.3 50.1 50.7 50.9 41.1 50.9 51.1 51.0 51.0 38.6 48.5 50.1 50.7 48.3 39.5 50.1 50.7 50.9 50.9 38.5 48.4 50.1 50.7 51.0 41.1 50.9 51.0 48.4 50.1 40.6 50.7 48.3 47.4 49.8 37.9 47.9 49.8 50.6 45.6 35.6 46.4 49.3 50.5 50.8 38.4 48.3 50.0 50.7 51.0 41.1 50.9 51.0 51.0 49.8 38.1 48.2 49.9 50.7 50.9 41.1 51.1 50.9 51.0 51.0 41.2 50.9 51.0 51.1 51.0 51.0 48.4 50.1 50.7 50.9 41.1 50.9 51.0 51.0 51.0 38.5 48.4 50.1 50.8 50.8 38.5 48.4 50.1 50.7 50.8 38.4 48.4 47.5 49.8 50.5 40.8 50.9 50.9 50.9 48.5 39.6 50.1 50.7 50.8 51.0 41.2 51.0 51.0 50.9 48.5 37.2 47.5 49.7 50.6 50.9 41.1 51.0 51.0 51.0 51.0 41.2 51.0 50.9 51.0 51.0 41.2 51.0 51.1 51.0 48.5 39.7 50.0 50.7 48.3 50.1 40.6 50.6 50.9 51.0 50.9 41.1 51.1 51.1 51.0 50.9 50.9 48.5 50.1 50.7 50.9 41.1 51.0 51.1 50.9 48.4 39.6 50.1 48.1 49.9 50.6 40.9 50.9 51.0 51.0 51.0 41.2 51.1 50.9 51.0 51.0 51.0 48.4 50.1 48.1 50.0 50.0 48.1 49.9 50.7 48.3 34.9 44.7 48.6 50.2 50.8 41.0 47.9 49.9 48.1 49.9 40.5 50.6 37.2 42.6 47.8 39.2 49.9 50.6 50.8 51.0 41.2 51.0 51.1 50.9 48.4 37.2 47.5 49.7 50.5 50.9 50.9 50.8 48.3 47.6 49.8 40.4 50.6 53.1 51.8 51.3 41.3 51.1 51.0 53.4 51.9 51.9 48.7 47.8 48.3 50.0 43.5 53.0 51.8 51.3 51.1 38.5 48.4 52.5 51.5 51.2 51.2 48.4 50.1 50.7 51.0 41.1 50.9 51.1 51.0 50.9 41.1 51.0 51.1 51.0 51.0 51.0 48.5 50.2 50.7 50.8 50.8 48.4 47.5 49.8 48.0 36.9 47.3 49.7 50.5 50.9 38.4 48.4 50.1 50.6 50.9 41.1 51.0 51.0 50.9 51.0 41.2 51.0 50.9 51.0 51.1 41.2 51.0 50.9 48.5 47.6 39.1 49.8 50.5 50.9 51.0 38.5 48.3 50.1 50.7 50.9 36.1 45.6 49.1 50.3 50.8 41.0 50.8 51.0 51.0 50.9 41.1 51.1 51.0 51.0 50.9 41.2 51.0 51.0 51.0 51.0 41.1 51.0 51.1 50.9 51.0 41.2 51.1 51.0 50.9 51.1 51.1 48.4 50.1 50.6 47.8 36.7 47.3 49.6 50.5 50.9 41.1 51.0 51.0 51.0 51.0 38.5 48.5 47.4 49.7 50.6 38.3 48.3 50.0 50.7 50.9 41.1 50.9 51.0 48.5 50.3 50.3 48.1 50.1 50.6 51.0 38.4 48.3 50.1 50.7 48.1 39.4 50.0 50.7 50.9 51.0 41.1 51.0 51.0 51.0 51.0 51.0 48.5 50.1 50.7 48.3 37.1 47.4 49.7 50.5 50.8 38.4 48.4 50.1 50.6 50.9 38.5 48.1 47.5 49.8 48.0 39.4 49.9 48.0 49.9 48.1 48.1 47.4 49.6 50.6 50.9 41.1 50.9 51.0 51.0 51.0 38.5 48.4 50.1 50.8 48.3 37.1 47.4 49.7 50.6 50.9 41.0 51.0 51.0 51.1 51.0 41.2 51.0 51.1 51.0 50.9 41.1 51.0 51.0 51.1 48.4 39.5 50.1 50.7 50.8 51.0 41.2 50.9 51.0 50.9 51.0 51.0 48.4 50.1 50.7 51.0 51.0 48.4 50.0 50.7 51.0 41.1 51.0 48.4 50.1 50.7 41.0 50.9 48.3 50.1 50.7 41.0 50.8 51.0 46.3 49.2 49.2 45.0 48.8 47.6 49.8 49.8 47.9 49.9 50.6 48.3 39.6 50.0 50.7 50.9 50.9 41.1 51.0 51.0 51.0 48.4 39.6 50.1 50.7 50.9 49.6 38.1 48.1 50.0 50.7 50.9 41.0 51.0 51.0 51.0 51.0 41.1 51.0 51.0 51.0 51.0 51.0 48.5 50.1 50.6 48.3 37.1 47.5 49.7 50.6 48.3 37.1 47.5 49.8 50.5 50.8 38.4 48.4 50.0 50.7 48.3 39.3 50.1 50.6 50.9 51.0 41.0 51.1 51.0 51.0 47.0 38.7 49.5 50.5 50.8 51.0 41.1 50.9 51.0 51.0 48.4 48.4 47.4 49.8 50.6 50.8 36.1 45.7 49.0 50.3 50.7 50.7 48.4 50.1 50.7 50.9 38.5 48.4 47.5 47.1 49.8 49.8 48.0 50.0 48.0 47.4 39.0 49.7 50.6 48.2 50.0 50.0 48.1 50.0 50.6 48.3 48.3 47.5 47.1 49.6 50.5 50.5 48.3 47.4 49.7 47.9 42.1 52.3 51.5 48.6 50.1 40.6 50.6 53.3 51.8 51.3 41.3 51.1 51.1 51.0 53.4 39.7 49.2 50.4 50.9 51.0 44.1 53.3 51.8 51.3 51.0 41.1 51.1 51.0 51.1 51.0 41.2 51.0 51.0 51.0 51.0 41.1 51.0 51.0 48.4 50.1 40.6 50.7 50.9 50.9 51.0 51.0 48.4 50.1 50.6 50.9 36.9 48.6 50.1 50.7 50.9 39.9 48.4 50.0 50.7 48.4 39.6 50.0 50.2 51.0 51.0 41.2 51.0 51.0 51.0 50.9 50.9 48.4 50.1 50.7 48.3 48.3 47.4 49.7 50.6 50.9 41.1 50.9 51.0 51.0 51.0 51.0 48.5 50.1 48.1 49.9 38.0 48.0 49.9 50.6 50.8 50.8 48.4 50.0 50.7 50.9 38.5 48.4 50.1 50.7 50.9 38.5 48.4 50.1 50.7 50.9 50.9 48.4 50.1 50.7 50.8 38.5 48.4 50.0 50.7 50.9 41.1 51.0 48.4 47.5 49.7 40.4 50.6 50.9 48.4 47.5 39.1 49.6 50.6 50.9 51.0 51.0 48.3 50.1 50.7 51.1 51.1 48.5 50.1 50.7 50.8 38.5 48.4 50.1 50.7 50.8 41.1 51.0 48.5 47.5 49.8 40.4 50.6 48.3 49.9 50.7 50.7 48.3 50.0 48.0 50.0 50.0 48.1 49.9 50.6 50.9 50.9 48.4 50.0 50.7 50.9 38.5 48.4 50.0 50.7 50.7 40.9 51.1 51.0 51.0 51.0 41.2 51.0 51.0];
