x = [1:960];
y = [19.2  21.7  25.6  30.6  23.9  21.0  25.7  26.0  28.4  26.8  32.0  24.5  28.1  32.3  37.4  40.0  35.9  26.0  22.1  24.1  30.3  33.6  30.2  28.5  29.2  28.0  32.8  27.2  31.8  26.9  31.5  39.4  38.3  35.0  30.9  39.1  32.7  32.4  29.0  30.4  36.2  36.9  39.5  29.7  33.9  40.9  38.9  38.0  37.7  28.9  30.8  28.3  32.9  32.6  40.0  35.8  36.7  37.0  33.2  35.7  34.9  41.6  36.5  36.8  23.5  20.1  22.2  28.2  37.4  37.3  40.1  38.6  40.7  38.9  43.5  42.8  36.9  40.0  41.3  41.9  39.4  36.6  39.9  38.5  33.9  35.9  36.8  39.8  43.8  43.0  42.6  42.5  42.4  39.5  41.2  41.9  42.6  28.2  28.2  28.2  21.3  21.3  24.7  24.7  24.7  26.3  26.3  25.8  25.8  25.8  25.8  20.2  24.4  24.4  27.6  27.6  27.6  32.9  23.6  23.6  23.6  25.1  24.9  21.3  21.3  21.3  21.3  21.6  20.1  21.5  21.5  21.5  21.7  20.9  21.5  21.5  21.5  26.0  26.0  19.6  19.6  21.0  24.0  19.0  19.0  19.0  19.0  22.7  22.7  22.7  18.3  18.3  24.0  19.7  19.7  20.4  20.4  20.7  19.6  19.6  19.6  19.6  18.0  18.4  18.4  18.4  18.4  17.7  18.0  18.0  19.3  20.7  21.0  19.7  19.7  19.7  19.7  23.4  18.1  18.1  18.1  19.5  22.4  18.7  18.7  20.1  20.1  21.7  21.7  19.5  19.5  19.5  19.9  19.9  19.9  19.9  17.9  17.2  16.1  16.1  16.1  16.1  14.4  14.7  14.7  14.7  15.9  15.4  14.9  15.4  16.1  16.1  14.5  14.9  14.9  16.1  16.1  20.2  20.2  20.2  20.2  20.2  15.4  15.4  14.9  14.9  14.9  14.5  14.7  14.7  14.7  15.8  15.4  15.7  15.7  16.9  16.9  17.5  17.5  17.5  17.5  15.8  18.9  18.9  18.9  18.9  19.7  20.0  19.1  20.5  20.5  20.5  24.9  24.9  18.3  18.3  18.3  18.6  25.8  33.2  37.8  35.0  36.2  42.0  39.4  43.9  42.7  39.8  38.4  40.6  41.6  39.3  43.6  42.9  42.6  42.5  42.3  42.3  39.5  41.3  41.7  39.5  38.3  40.6  41.6  42.0  44.9  40.6  41.4  42.0  37.4  25.8  25.8  25.8  27.5  28.0  32.9  32.9  32.9  34.4  32.5  32.5  32.5  24.0  24.0  22.6  19.5  19.5  19.5  19.5  18.6  18.1  18.1  18.1  18.1  23.8  20.4  20.4  21.8  21.8  24.8  20.2  20.2  20.2  20.6  25.3  19.8  21.2  21.2  21.2  21.4  21.4  21.4  18.7  18.7  18.0  17.7  17.7  17.7  18.4  17.7  17.0  17.0  18.3  18.3  17.5  17.3  17.3  18.6  18.6  22.9  21.9  21.9  21.9  23.4  26.4  21.0  21.0  21.0  21.0  21.9  19.6  19.6  19.6  19.6  22.5  18.2  18.2  18.2  18.2  18.2  18.2  18.2  17.2  18.6  17.9  17.5  18.9  18.9  20.2  19.3  18.0  18.0  18.0  19.3  22.3  18.8  18.8  18.8  20.2  22.7  23.0  23.0  23.0  23.0  27.9  21.1  21.1  21.1  21.1  24.8  19.5  19.5  19.5  19.5  19.3  19.3  19.3  19.3  19.3  16.9  16.9  16.3  16.3  17.6  17.0  17.0  16.4  16.4  16.4  17.1  17.1  17.1  16.9  16.9  22.5  17.7  17.7  17.7  19.0  21.9  17.8  19.1  19.1  19.1  19.6  19.6  19.6  17.7  17.7  20.4  17.4  18.8  18.8  18.8  24.6  20.0  21.5  19.8  19.8  22.1  23.6  23.6  25.0  25.0  31.4  44.4  43.3  39.9  41.4  44.6  40.6  44.4  40.4  41.4  42.0  42.2  45.2  43.4  45.6  40.8  36.2  30.8  37.1  37.4  37.1  42.8  42.4  39.7  41.1  41.9  42.2  42.4  45.1  40.7  37.0  30.7  18.9  18.9  18.9  18.9  21.6  21.6  21.6  23.1  23.1  28.4  25.1  25.1  25.1  25.1  33.0  24.6  24.6  24.6  24.6  32.5  25.4  25.4  25.4  25.4  34.9  27.9  29.5  29.5  29.5  38.7  27.3  27.3  28.7  28.7  35.4  25.8  25.8  25.8  25.8  33.6  25.9  27.2  27.2  27.2  35.4  26.9  26.9  26.9  26.9  36.4  25.2  25.2  25.2  26.8  31.5  31.5  22.9  22.9  22.9  29.2  24.5  24.5  25.9  25.9  35.5  25.9  27.1  27.1  27.1  33.9  25.1  25.1  26.6  26.6  32.9  24.5  24.5  26.0  26.0  27.1  24.3  24.3  24.3  25.8  32.1  23.3  23.3  23.3  23.3  29.6  22.9  22.9  22.9  22.9  30.5  25.4  26.9  26.9  26.9  36.4  26.2  26.2  27.8  27.8  34.1  25.1  25.1  25.1  26.5  33.1  25.8  25.8  27.3  27.3  35.2  24.7  24.7  24.7  26.2  30.9  23.5  23.5  23.5  23.5  31.4  23.8  23.8  25.3  25.3  31.7  23.9  23.9  25.5  25.5  31.7  24.0  24.0  24.0  24.0  31.9  25.1  25.1  25.1  25.1  26.6  24.0  25.4  25.4  25.4  26.6  24.1  24.1  24.1  25.6  31.9  25.1  25.1  25.1  26.7  28.3  34.8  36.1  32.7  38.2  37.7  40.2  38.8  43.4  40.0  31.2  34.9  38.8  40.7  39.0  40.7  34.8  39.2  38.4  40.4  36.1  39.4  36.4  40.1  41.5  39.2  38.1  40.5  41.2  39.2  40.8  41.8  42.3  45.0  46.2  44.0  43.0  40.0  35.8  36.3  39.5  36.5  37.2  40.0  38.5  38.0  40.4  41.4  39.3  40.7  44.4  38.9  43.4  40.2  41.1  32.6  38.1  43.2  39.8  41.4  41.8  42.3  39.6  38.4  40.5  35.9  41.9  39.5  34.1  38.9  41.0  44.4  40.4  41.4  42.0  42.2  39.6  38.3  43.0  42.6  42.5  42.3  44.9  40.8  41.7  42.1  39.4  41.1  41.9  42.2  39.3  41.0  41.9  39.4  43.6  37.2  42.7  34.7  32.3  37.8  37.6  34.8  36.0  39.5  35.5  39.2  40.9  39.1  40.9  41.7  42.1  42.3  45.0  40.6  38.6  38.1  34.9  38.8  38.0  37.6  40.2  35.8  33.8  33.0  35.1  33.6  38.2  35.0  36.2  36.8  39.8  43.9  34.5  35.9  39.3  35.6  28.1  32.8  37.6  37.5  40.2  38.5  38.0  37.6  37.5  37.4  40.1  41.3  39.2  34.0  36.2  36.7  37.1  33.7  38.1  40.5  41.6  42.1  39.5  38.4  40.5  36.8  34.4  38.5  40.6  41.6  41.7  39.4  34.2  36.3  34.1  35.7  33.8  35.6  36.4  35.3  36.9  39.7  38.5  40.6  38.8  38.1  40.4  38.8  40.9  43.8  37.6  38.6  35.1  30.2  36.7  34.4  33.2  40.3  36.0  35.0  36.1  36.7  37.1  37.3  40.0  38.5  31.6  34.8  36.2  36.8  39.8  38.3  29.3  30.5  33.8  35.5  39.1  40.9  41.6  39.2  38.3  37.9  34.8  33.4  35.3  32.4  29.5  36.4  36.9  37.1  39.9  38.5  40.6  41.6  39.2  38.2  40.3  41.6  42.0  39.4  38.1  39.9  38.4  38.0  40.4  38.7  43.4  40.0  38.6  35.1  32.5  29.5  33.5  38.0  37.8  40.3  38.7  40.7  34.7  36.4  42.3  36.6  37.0  39.8  38.4  37.9  37.8  40.3  38.7  37.7  40.2  36.7  40.3  38.6  37.8  40.4  41.3  42.0  44.9  43.5  40.0  41.3  39.1  40.8  39.1  40.9  36.1  39.5  38.1  40.6  36.9  37.6  40.1  38.6  40.8  39.0  40.8  44.3  40.4  41.4  36.4  39.6  38.4  37.8  40.2  38.9  40.7  36.1  39.4  41.0  39.1  43.6  43.0  45.4  40.4  37.0  40.2  41.5 ];
