x = [1:760];
y1 = [19.4 18 29 35.4 31.1 36.6 30.8 28.5 23.3 24.7 33.4 35.2 31 26.3 24.3 22.9 29.3 30.6 26.2 26.3 31.1 26.3 29.1 30.4 31.1 28.9 30.3 25.9 20.4 24.1 23.3 29.6 33.2 27.4 22.5 22.3 24.2 25.2 28.6 30.1 28.4 30 30.9 30.4 34.2 25.5 25.8 28.4 25 21.7 28.4 29.9 31 31.4 29.1 25.4 31.2 31.4 31.8 24.3 21.4 21.6 19.9 24.8 27.7 29.6 29.8 23.8 19.1 24.3 25.2 27.9 29.8 28.2 24.8 25.7 28.8 30.3 31 29 29.5 28.1 35.6 33.8 35.6 36.4 34.2 27.5 27.1 34.9 25.7 23.8 20.6 21.1 22.7 20.5 23 22.2 18.1 16.2 18.1 19.5 24.5 21 17.8 21.1 21 21.4 30.7 28.7 25.1 26.1 25.8 24.1 25.5 32.9 29.9 36 31.3 24.2 23.2 27.2 27 29.1 25.5 28.2 24.9 28.2 19.6 26.9 29.1 32.9 32.4 26.9 24.6 24.9 33.4 32.8 29.8 30.7 26.1 26.6 31.4 31.6 31.7 28.8 23.4 24.8 30.7 26.3 24.1 25 21.3 19.6 26.9 31.5 26.7 28.9 30.2 26 31.5 31.8 31.9 31.9 32 31.9 28.9 30.6 33.7 27.8 27.1 26.8 24.1 30.4 36.3 34 30.5 28.1 19.1 26.4 26 31.6 34.4 27.7 29.4 25.5 26 29.1 32.9 27.4 29.3 27.5 29.9 25.9 26.2 30.9 34 35.6 33.8 35.5 36.4 28.9 30.2 35.9 34.1 38.4 35.1 33.6 30.1 27.9 25.2 18 27.6 29.5 30.6 31.3 29.1 25.3 26 34.1 35.7 36.5 28.6 30.5 33.7 30.3 36.2 39.5 41.1 32.5 29.4 36.4 36.8 34.4 35.8 31.3 26.3 31.8 24.5 21.1 25.2 25.7 23.5 23.3 22.7 29.3 30.4 31.2 31.4 26.5 24.4 30.5 31.2 30.5 31.8 29.4 27.6 24.9 30.9 36.6 34.3 30.6 26 31.5 34.4 35.8 33.8 30.4 28.6 25 21.7 28.6 26.4 31.9 34.4 35.9 36.6 34.3 30.5 26 24.2 32.9 35.1 28.3 27.5 24.5 21.4 28.2 32.5 32.3 34.8 30 31.3 34.2 25.4 28.2 27.4 26.4 29.4 27.6 32.5 29.6 27.5 31.9 34.6 33.3 35.3 32.5 35.4 33.7 30.3 31 26.2 24.3 24.8 33.3 35.4 28.1 23.1 22.6 29.2 30.4 31.1 26.3 26.6 24.1 23.2 20.7 23.3 22.3 30.5 23.9 23 22.5 26.2 31 36.7 37 28.7 33.2 30 25.7 21.8 27.9 28.9 30.6 28.2 35.7 39.2 35.4 33.7 29.6 26.8 26.3 29.1 33 32.5 24.7 23.5 29.9 25.9 27.2 26.4 24.4 22.8 24.5 30.6 36.3 31.3 26.5 20.3 22.9 27.1 29.2 30.4 28.6 27.2 24.8 30.7 31.3 31.7 36.9 28.7 25.6 26.1 31.5 31.9 28.7 21.3 25.9 27.8 32.7 29.8 33.3 32.7 29.1 25.7 33.8 30.3 31 22.2 24.2 24.7 30.6 36.3 34.3 30.5 23.8 23 24.6 27.5 32.4 35 36.1 34 35.7 36.3 34.3 32.1 27.1 24.2 28 26.8 32 32 34.6 33.3 35.3 30.2 24.8 25.8 31.3 29.1 27.3 27.3 29.4 27.5 32.6 35 33.5 38.1 33.5 30 31.3 29.1 25.6 28.2 32.3 26.8 26.7 29 28.7 25.2 21.8 28.6 29.2 36.2 32.1 27.1 26.9 34.8 33.4 30 33.5 38 31.4 32 31.9 32 34.5 30.6 33.8 26.7 31.3 31.5 34.5 35.9 36.6 36.9 34.4 25.5 26.3 25.9 28.9 27.9 27.3 26.3 24.3 30.5 25.9 26.5 26.6 31.3 28.4 23.2 29.6 23.4 29.2 32.9 35 33.5 29.5 31 31.5 29.1 30.5 28 27.6 27.1 26.9 24.3 29.8 30.7 26.1 29 28 23.3 24.5 25.3 25.7 27.6 32.5 25.6 28.3 32.4 34.7 33.6 27.4 29.8 33.4 29.9 30.9 28.8 27.9 25.3 28.7 27.1 24.8 25.5 28.1 25 25.2 21.8 21.9 27 24.5 29.9 25.9 30.8 26.1 29.2 30.4 31.1 34.1 29.8 26 24.2 32.8 27.3 31.9 34.4 33.2 29.4 33.6 35.7 31.2 31.4 28.6 30.5 28.2 32.9 35 30.9 28.1 25.3 31 30.6 37.1 31 24.1 29.4 25.6 26.3 33.5 27.6 34.5 33.3 29.4 33.6 32.9 33.5 27.7 32 29.4 27.5 24.9 23.6 32.5 24.5 32.3 26.8 23.2 20.8 25.5 33 29.9 30.9 31.3 31.7 26.4 29.3 28.1 25 32.7 32.3 26.8 29.5 30.6 28.7 30.1 27.9 30.2 28 32.8 27.2 26.9 29.1 27.4 29.8 33.3 32.6 29.7 25.8 28.5 27 26.9 34.7 30.8 31.3 31.6 26.4 20.3 27.4 31.9 34.6 30 23.9 23 29.4 30.6 33.8 30.4 26 24.1 30.3 26.2 31 34 33 29.2 23.6 22.9 24.2 27.4 34.3 30.6 26 24.2 32.8 29.7 25.8 33.3 32.5 31.3 34.7 30.8 28.9 25.1 21.7 20 22.6 29.2 25.3 23.8 27.2 26.3 24.3 32.1 32.1 37.2 31.8 26.5 24.6 25.5 33.8 32.9 37.7 34.8 25.6 26.4 31.1 36.8 31.6 36.9 31.8 26.5 31.9 32 34.6 30.7 33.8 27.4 24.9 33.4 30.2 36.2 31.3 27.5 25.5 31.3 31.6 31.7 31.8 29.3 29.7 26 31.5 34.4 35.8 31.2 31.6 30.8 34.3 35.9 36.6 34.4 27.6 27.4 28.7 28 27.4 29.3 33 31.5 26.7 29.4 25.7 23.9 27.4 29.3 33.1 32.4 31.3 29.2 30.6 26.2 23.8 25.3 25.3 33.7];
y = [17.8  17.0  25.8  30.7  28.8  30.2  33.5  38.0  40.3  38.7  35.2  31.0  23.6  29.9  35.9  36.7  37.0  30.9  31.8  28.8  28.9  32.9  29.9  30.8  24.0  23.2  22.7  22.4  26.6  28.9  27.8  27.2  26.4  26.8  33.8  38.2  40.5  36.0  36.6  31.0  31.0  37.3  40.0  38.5  37.8  40.4  38.8  35.2  33.6  35.5  36.5  34.3  29.8  33.9  38.3  37.8  40.2  29.7  26.1  26.3  34.5  35.9  34.0  35.6  30.3  21.6  23.1  29.6  25.7  23.7  20.7  19.8  20.7  23.2  24.4  29.8  30.7  24.1  27.8  32.0  31.9  26.9  22.2  20.2  21.0  21.9  14.9  18.8  24.0  24.9  27.8  27.2  24.3  23.3  27.3  25.2  30.4  26.3  33.5  29.6  31.1  36.7  34.3  35.9  36.6  39.7  35.5  36.7  36.8  37.0  37.3  34.5  33.4  35.3  36.3  39.6  32.3  37.4  31.9  34.5  38.7  35.2  36.4  36.8  37.1  34.5  29.3  29.5  30.6  30.2  17.9  27.7  22.6  22.3  21.7  21.8  21.9  28.7  25.3  28.0  22.8  22.5  24.2  30.3  26.1  26.2  26.3  21.9  22.0  22.5  22.4  31.4  26.6  26.6  28.7  25.2  25.8  28.8  27.8  24.6  25.9  23.6  27.6  31.9  31.9  31.9  34.5  36.0  36.7  35.2  36.5  39.6  38.4  37.8  34.4  35.9  30.5  34.4  30.5  33.8  38.2  37.8  37.5  31.2  37.3  40.1  33.0  35.2  36.2  36.9  39.8  35.7  31.2  34.1  35.8  30.6  26.3  31.7  31.8  26.9  24.2  26.2  26.0  29.0  27.9  27.2  29.1  27.5  22.8  22.6  22.8  27.0  26.7  28.9  30.3  28.5  25.1  28.4  27.6  24.7  21.1  21.4  25.4  23.4  29.7  28.3  27.4  29.4  35.6  36.5  30.8  27.3  32.5  32.3  34.7  36.1  30.6  28.6  25.5  33.7  35.6  39.1  34.1  33.3  29.5  36.3  36.9  34.4  35.9  36.6  37.0  31.0  37.3  37.2  34.6  38.6  37.9  33.6  31.4  29.5  28.0  35.6  36.5  36.9  37.0  37.3  42.8  39.7  38.5  29.2  33.2  37.9  31.3  31.2  37.5  40.2  38.6  36.3  39.6  38.4  31.5  37.5  37.6  34.7  33.4  35.3  30.3  36.9  34.4  35.9  35.0  33.7  35.5  30.5  36.8  39.9  38.5  37.9  37.6  31.3  28.9  36.0  31.3  34.2  38.4  37.9  31.3  37.4  40.0  41.3  36.4  36.9  30.9  37.1  34.7  38.6  38.0  40.3  38.8  31.7  35.0  36.2  39.4  41.1  36.2  30.7  34.4  35.8  39.3  40.9  39.0  35.8  30.5  37.0  37.2  37.3  37.3  37.4  31.1  37.3  37.4  34.7  35.9  39.4  38.4  40.5  36.1  39.4  38.3  37.8  31.3  34.7  33.1  35.4  36.4  34.1  33.1  31.5  37.5  37.4  34.6  33.2  35.1  36.5  28.2  35.7  36.5  36.8  34.4  27.6  32.7  37.6  37.5  37.4  34.7  33.3  35.3  36.4  37.0  34.3  33.3  35.3  36.4  32.9  38.4  37.8  37.7  37.5  33.4  35.8  39.3  38.2  37.8  40.3  38.7  31.6  37.6  40.2  38.6  38.0  36.2  34.1  35.7  39.2  38.2  35.1  33.5  35.4  36.3  36.9  39.7  38.5  37.8  37.7  37.5  28.9  27.8  32.6  35.1  36.1  34.0  33.0  35.2  38.8  38.1  37.7  34.7  36.1  36.7  39.6  36.9  37.2  34.5  35.9  36.7  39.8  41.3  40.2  41.6  42.0  33.8  35.5  36.4  30.8  37.1  37.3  34.6  30.7  33.8  35.6  30.5  36.9  37.1  37.3  37.3  37.3  40.0  38.6  37.9  34.9  33.4  35.3  36.4  42.2  36.7  37.0  37.2  28.7  33.4  35.3  36.3  36.8  37.2  34.5  33.0  29.4  36.3  39.5  38.4  35.2  36.2  30.7  28.7  33.2  35.2  36.3  36.8  34.4  32.1  36.1  34.2  35.8  36.6  34.3  29.8  28.2  33.1  35.2  36.3  39.5  38.4  31.6  37.5  36.6  39.7  35.6  36.6  36.9  30.9  37.2  37.3  37.3  37.4  37.3  34.7  30.0  36.5  39.9  38.4  37.9  35.0  36.2  39.5  41.1  41.8  39.4  38.2  40.6  34.7  39.2  38.2  37.8  37.4  34.8  36.1  30.6  34.3  38.5  37.9  40.3  38.7  38.0  40.3  35.9  36.6  39.7  41.1  37.2  37.6  40.2  39.7  41.4  42.0  36.6  37.0  37.2  37.2  40.0  38.5  37.9  35.8  34.1  38.4  36.1  36.9  37.0  37.2  37.4  42.7  35.3  33.8  35.6  36.5  39.5  38.4  35.1  36.2  36.8  34.4  34.4  36.4  36.9  37.0  37.2  37.1  34.6  35.9  36.7  37.0  39.9  41.2  39.1  35.4  32.5  35.4  36.4  36.9  39.7  32.1  29.3  36.2  36.8  37.1  37.1  39.9  32.2  37.9  37.6  40.2  38.6  38.0  40.4  32.3  37.8  35.0  36.0  37.0  39.9  32.1  37.8  37.5  32.8  35.2  36.2  39.5  41.1  36.2  31.3  34.3  35.8  30.5  37.0  37.1  37.4  37.3  34.6  30.0  36.6  37.0  39.8  38.5  38.0  37.6  37.6  34.7  35.9  36.6  37.2  37.3  37.2  37.4  37.4  37.3  38.4  38.0  37.6  31.2  34.6  38.7  38.0  37.6  32.9  35.3  28.0  32.8  37.6  37.5  37.4  40.1  36.9  39.9  38.5  37.9  40.3  38.6  40.8  38.9  35.3  36.3  36.8  31.8  34.5  32.2  29.2  36.1  36.9  34.4  38.5  35.1  36.3  36.8  39.8  38.5  37.8  37.7  37.5  40.1  34.1  38.5  37.9  34.9  36.1  36.7  30.9  37.3  40.1  35.8  36.6  37.0  37.1  31.0  34.3  30.7  33.8  36.6  36.9  28.7  33.3  35.2  39.0  