x = [1:999];
y1 = [6.3 7.7 8.6 8.6 11.1 12.7 15.6 17.9 13.9 13.6 13.5 16.8 18.8 18.1 19.7 16.6 15.3 20.4 18.9 18.1 17.6 19.3 16.4 15.2 18.1 19.7 20.8 21.4 15.5 14.7 12.4 14.2 15 13.6 14.6 13.6 13.5 16.9 16.8 14.7 15.4 12.4 12.7 12.9 13 16.3 14.5 12 12.4 11 16.8 16.6 14.7 15.3 14.1 15.5 12.9 16.4 11.4 15.1 13.7 13.1 13.1 14.8 13.6 15 13.7 10 9.5 12.1 10.9 13.5 16.8 18.8 20.1 14.6 14.1 15.6 20.6 21.3 17.4 17.5 17.3 17.5 22 19.9 16.5 16.4 18.5 17.8 19.9 18.7 15.8 18.1 17.6 15.4 14.6 15.9 20.8 16.9 16.9 15 16.1 18.8 18 17.6 19.3 16.4 15.2 14.5 17.6 19.3 20.5 16.9 15.6 16.5 19 18.2 15.8 13.1 13.1 13.2 16.6 17.6 17.4 17.1 13.5 13.4 13.2 18.6 17.1 14.9 13.9 12 14.1 15.5 20.5 19.1 14.5 14 13.7 13.6 16.9 16.8 16.7 16.7 14.9 14.3 17.5 17.2 17 16.9 13.4 13.3 13.3 14.8 17.4 15 12.3 12.6 14.4 14 19.4 18.3 17.8 15.5 14.7 14.2 15.6 16.5 21.3 19.5 14.7 14.2 15.6 16.4 21.3 19.3 16.1 16.4 14.7 14.2 17.4 15.3 12.9 13.5 14.5 13.6 15.1 20.2 21.1 17.1 19 12.7 14.5 15.8 20.8 21.4 21.8 17.7 15.9 15 14.3 19.6 20.7 19.1 16.3 16.9 17.4 21.9 19.7 20.8 17.2 17.5 15.9 14.8 17.9 17.5 13.7 13.5 13.4 16.6 18.6 20 15 13.1 14.8 17.9 17.4 13.6 13.5 15.1 20.3 18.9 20.2 21 17.3 17.6 15.9 20.8 17.1 19 16.2 15.1 16.2 21 21.6 19.6 18.5 16 16.7 15.4 18.4 17.8 19.4 18.3 15.8 16.6 19.1 18.3 15.5 16 12.9 13 13.1 18.6 17.9 17.4 13.6 11.8 12.3 15.9 18.1 17.6 15.6 12.7 12.9 13 11.5 17.1 13.5 11.8 12.3 11.4 12 14 13.7 16.3 13 13.1 9.9 9.5 15.3 15.7 12.7 12.9 14.6 14.1 15.5 16.2 15.8 16.1 16.3 14.7 15.9 20.8 21.4 21.8 17.7 15.9 14.9 20 23.2 22.9 22.6 18.1 18 22.4 22.4 20.1 18.8 16.1 18.8 16.1 15 20.1 21 17.3 15.4 15.9 16.7 17.2 21.9 19.6 18.5 19.9 16.7 17.2 19.6 18.5 19.9 20.9 17.2 17.5 19.7 20.8 19.2 18.2 16.1 15 16.2 16.9 19.4 18.4 17.7 14.1 13.8 17.2 16.9 16.9 18.9 14.4 14 13.7 13.6 15 15.5 15.9 14.5 14 15.4 14.7 19.9 20.9 19.2 14.6 14.1 12.2 12.5 18.1 19.7 18.3 17.7 15.5 14.7 15.9 18.6 12.6 14.1 15 17.4 13.6 13.5 10.3 14.3 19.6 18.5 14.2 13.8 13.5 16.9 16.8 14.7 12.2 12.5 12.8 12.9 13 15.7 12.7 12.9 14.7 14.1 17.4 15 13.7 11.5 10.5 11.3 15.1 15 15.6 14.3 13.9 17.2 16.9 16.9 18.8 20.2 21 17.3 17.6 17.7 19.8 18.7 20.1 21 17.2 15.6 18.6 20 20.9 21.5 19.5 16.8 17.3 21.9 22.1 19.9 18.7 16.1 15 16 18.2 17.6 19.3 16.4 15.2 14.5 19.7 20.7 17.1 15.6 14.7 15.9 20.9 19.2 18.3 17.7 15.5 16.4 17 19.5 16.4 13.1 10.4 9.9 10.9 16.5 16.7 16.7 16.6 18.7 16.1 15.9 16.1 16.3 13 11.6 13.7 15.2 14.5 17.6 19.4 18.2 15.8 14.9 16 18.7 18 12.1 12.6 14.4 15.7 20.7 19.2 16.1 11.2 11.9 10.8 14.7 17.2 19 18.1 17.5 15.8 14.8 17.1 16.9 15 14.4 12.3 12.6 16.1 16.4 14.7 12.5 12.7 16.2 16.5 16.5 16.5 14.9 16 15 20.1 18.8 18.1 19.6 16.6 15.3 14.5 17 13.3 13.4 15 16.1 18.8 18 17.5 17.2 15.2 16.2 18.8 22.9 22.7 20.3 18.9 16.2 15.1 18.1 19.7 18.5 17.8 15.5 16.5 21.3 21.8 19.8 20.7 21.4 17.5 15.7 16.7 21.4 21.8 15.9 14.9 16 16.8 21.5 18.7 14.3 13.9 13.7 15.2 17.3 19.1 15.5 18.3 16.9 16.9 15 16.1 15 22.4 20.1 18.8 16.1 15 14.4 19.6 20.7 16.9 15.4 15.9 13.8 19.1 20.3 18.8 17.9 17.3 15.3 14.4 12.6 12.9 11.8 12.2 16 14.3 11.8 12.3 14.2 13.9 19.2 20.4 19 16.2 15.1 14.4 12.7 12.9 16.5 20.6 20.8 15.5 14.7 14.1 17.3 17.1 17 18.8 16.2 15 16.1 13.7 12 17.6 15.2 12.4 12.7 12.9 18.4 17.8 17.4 17.1 19.1 16.3 15.1 18.1 19.7 20.7 14.6 14.1 19.5 18.4 19.9 14.8 14.3 13.9 17.2 19.1 18.2 19.7 14.8 14.3 12.3 15.9 16.2 16.3 14.7 14.1 15.6 11.4 19.1 16.1 16.2 14.7 14.2 15.5 16.5 21.3 21.7 15.8 11.4 12 14.1 16.7 17.1 15 12.3 12.6 14.4 19.7 18.6 20 20.9 14.5 12.4 17.3 19.1 18.2 15.7 16.5 21.4 21.8 17.5 19.3 16.4 17 17.4 21.8 17.6 15.4 14.6 15.9 14.9 20.1 20.9 21.5 21.9 19.7 17 19.4 20.6 21.3 15.5 14.7 16 20.9 18.3 17.8 13.8 10.7 14.7 15.3 18.2 17 16.9 13.2 11.6 15.4 17.7 17.3 17.1 19 16.2 15.1 14.4 19.7 16.3 13.1 13.1 13.2 16.6 17.9 19.5 16.5 15.3 14.5 17.6 15.4 17.7 13.7 13.6 11.3 15.1 13.6 14.6 15.3 14.1 13.8 13.6 16.9 18.9 14.4 14 13.6 19 20.2 18.9 18.1 15.7 16.6 15.3 18.2 19.8 18.5 19.9 16.8 15.4 14.4 15.7 18.5 19.1 18.2 15.8 14.8 16 20.9 21.5 19.6 18.5 16 16.7 19.3 16.8 16.8 16.8 16.8 18.7 16.1 16.8 15.5 14.7 17.8 19.4 14.6 14.1 13.8 19.2 18.2 19.8 14.8 14.2 13.9 12 15.7 16.1 18.2 15.6 14.2 15.7 18.4 17.8 19.5 16.5 15.2 16.3 21 19.3 18.4 16.3 14.7 14.2 15.6 16.5 15.2 20.3 18.9 13.8 15.3 16.3 18.9 18.2 15.8 13 13.2 14.9 16 17.9 17.5 13.6 15.3 10.6 9.9 10.9 10.2 16 18.1 17.6 15.2 17.7 15.5 14.6 19.8 18.7 17.9 15.6 14.7 14.1 13.2 16.6 14.7 12.1 12.5 12.7 16.3 16.4 16.5 16.6 14.8 16 14.9 14.6 14.1 15.5 14.5 14.6 17.7 17.3 19.1 18.6 18.1 19.7 16.6 13.4 18.9 20.2 16.7 13.2 13.2 14.9 16.1 21 23.9 16.8 15.3 16.4 15.2 17.3 19.2 18.2 16.1 15 20.2 18.9 18.1 19.6 16.6 15.2 16.3 18.9 20.2 21 21.6 17.6 15.8 16.7 20.4 21.2 17.4 17.6 15.9 18.7 20.1 18.8 16.1 15 14.4 15.7 20.7 19.2 14.5 14 13.8 19.2 22.6 20.2 13.3 13.2 13.3 18.7 18 17.5 19.2 16.4 15.6 16.6 17.2 15.6 18.5 19.9 18.5 16 13 14.9 20 16.8 13.2 11.2 11.9 12.3 14.2 15.5 17.8 17.4 15.4 16.4 ];
