x = [1:613];
y = [14.5, 15.1, 25.8, 28, 32.4, 37.3, 40.1, 44.2, 43.1, 39.9, 34.3, 36.2, 36.8, 37.1, 40, 41.3, 41.9, 42.3, 42.3, 45, 46, 43.9, 43.1, 42.7, 42.3, 39.6, 41.3, 41.9, 42.1, 42.3, 42.3, 42.4, 39.6, 27.5, 31.9, 37.1, 39.9, 41.2, 42, 44.9, 43.4, 42.8, 42.6, 42.4, 42.3, 39.7, 41.2, 41.8, 42.2, 39.5, 34.3, 39, 38.2, 43.1, 42.6, 42.4, 42.3, 42.4, 42.3, 42.5, 42.4, 44.8, 43.4, 40, 44.2, 37.5, 40, 46.6, 46.8, 46.9, 44.2, 43, 42.7, 45.2, 43.5, 40, 44, 43.2, 42.7, 45.2, 48.8, 44.9, 43.5, 45.5, 46.3, 44, 45.7, 46.5, 43.9, 43.2, 48, 47.4, 47.2, 45.7, 43.8, 45.7, 42.6, 34.3, 41.2, 44.5, 43.3, 45.3, 43.7, 45.6, 49, 47.9, 47.2, 47, 49.5, 45.2, 43.6, 45.6, 41, 44.5, 45.9, 46.4, 44, 43.2, 45.4, 43.6, 45.6, 46.4, 44, 45.8, 46.4, 46.7, 44.2, 48.4, 47.5, 44.4, 34.7, 41.2, 44.6, 43.3, 47.9, 47.4, 47.1, 47, 41.5, 44.6, 46, 49.2, 47.7, 47.4, 47.1, 47.1, 46.9, 47.1, 46.9, 44.4, 45.8, 46.6, 46.7, 46.8, 44.4, 45.9, 46.5, 43.9, 45.7, 46.5, 46.7, 47.1, 38.4, 40.6, 46.8, 44.2, 43.1, 40, 41.4, 44.5, 46, 40.9, 41.7, 43.5, 42.8, 42.5, 42.5, 42.4, 47.7, 44.4, 43.3, 42.8, 42.6, 45.1, 43.6, 42.8, 45.2, 46.4, 46.6, 44.1, 45.8, 43.8, 48.2, 47.3, 47, 49.7, 47.9, 47.3, 47, 47, 44.3, 48.5, 50.1, 48, 47.4, 47.2, 47, 47, 46.9, 47.1, 47, 46.9, 46.9, 46.9, 44.3, 48.5, 50.1, 48.1, 47.4, 47.1, 49.6, 48.1, 47.2, 47.1, 47.2, 46.9, 47, 46.9, 44.3, 48.5, 47.5, 39.2, 41.6, 44.8, 46, 44, 45.6, 43.8, 45.7, 43.8, 40.2, 44.1, 48.4, 44.7, 43.5, 42.7, 42.5, 45.3, 43.5, 45.7, 46.3, 44.1, 48.4, 44.7, 43.3, 42.9, 47.9, 44.6, 43.4, 45.4, 46.4, 46.8, 44.2, 48.5, 47.3, 47.1, 47, 42.9, 45.2, 43.7, 45.6, 46.4, 43.9, 45.7, 46.7, 49.3, 47.9, 47.2, 46.9, 47, 47, 47, 46.8, 46.9, 47, 46.9, 46.9, 46.9, 44.2, 41.9, 42, 44.7, 34.8, 41.3, 47.1, 46.9, 49.6, 48.2, 50, 50.4, 48.5, 44.8, 48.6, 50.2, 50.6, 50.8, 48.5, 47.6, 49.6, 47.9, 49.9, 48.2, 50, 48, 47.2, 47.1, 44.4, 45.9, 46.4, 46.9, 46.8, 47.1, 47, 46.8, 46.9, 44.4, 45.8, 46.4, 49.4, 47.8, 44.7, 48.4, 47.4, 44.3, 46, 48.1, 47.3, 44.4, 45.9, 46.5, 44, 48.2, 44.8, 43.3, 42.8, 45.1, 46.3, 45.4, 46.3, 49.3, 50.5, 48.3, 47.4, 47.2, 47, 47, 46.9, 46.9, 46.9, 47.2, 47, 44.3, 45.9, 51.4, 48.6, 50.3, 48.2, 50.1, 50.4, 48.4, 47.4, 49.7, 50.4, 50.8, 48.6, 50.1, 50.8, 53.2, 51.9, 48.7, 47.5, 49.9, 50.4, 48.3, 47.5, 47.2, 49.7, 52.8, 51.7, 51.3, 48.6, 47.3, 47, 44.5, 45.9, 46.5, 46.6, 44.2, 45.8, 46.7, 49.4, 47.8, 44.6, 43.3, 45.5, 43.5, 45.7, 43.4, 48, 49.9, 48, 47.3, 47.1, 44.4, 48.5, 47.2, 44.4, 45.9, 43.8, 42.9, 45.2, 46.3, 44.2, 48.3, 49.9, 48, 47.6, 47.2, 47, 47.1, 48.5, 47.5, 49.8, 50.6, 48.3, 47.5, 49.9, 50.5, 50.8, 51, 48.6, 47.6, 47.2, 44.4, 45.9, 46.5, 46.8, 49.3, 48, 47.4, 47.1, 52, 32.9, 37.6, 40, 44.1, 43, 39.5, 43.5, 42.9, 47.9, 47.3, 47.1, 47, 47, 44.2, 45.8, 46.4, 43.9, 45.8, 43.7, 45.7, 46.5, 46.8, 49.5, 43.8, 42.8, 40.3, 41.8, 42.1, 42.3, 45.1, 43.4, 45.6, 43.6, 45.7, 49, 47.7, 49.7, 48.2, 47.2, 47.3, 49.6, 47.8, 47.5, 47.1, 35.7, 44.4, 50.9, 45.7, 46.5, 49.4, 47.9, 47.3, 47.1, 47, 45.7, 49, 48, 47.4, 47.1, 49.5, 48, 50, 48.1, 50, 48, 47.4, 47.2, 49.6, 47.9, 49.8, 48.1, 50, 47.9, 49.8, 48, 47.4, 49.7, 50.6, 48.2, 47.4, 49.7, 48.1, 47.3, 47, 47, 47, 47.1, 46.9, 47, 46.8, 49.5, 47.9, 47.2, 47.3, 47.1, 49.6, 52.9, 49, 47.8, 47.3, 47, 46.7, 49.6, 47.8, 50.1, 48.1, 47.2, 47, 47, 49.8, 53, 49, 47.8, 47.3, 49.7, 50.6, 50.8, 48.4, 47.6, 49.7, 48.1, 46.1, 46.6, 47.1, 51.9, 48.7, 47.7, 49.5, 45.3, 46.1, 43.5, 45.7, 46.4, 49.3, 47.7, 47.4, 49.7, 50.5, 48.4, 47.4, 47.1, 47, 47, 46.9, 46.9, 47, 46.9, 49.5, 47.8, 49.8, 48.1, 49.8, 45.3, 46.5, 49.3, 50.4, 50.9, 48.4, 44.7, 46, 49.2];
y1 = [19.4 19.8 28.5 35 38.9 40.8 41.6 42.1 39.3 41.2 41.8 39.3 41 41.7 42.1 42.3 42.3 42.3 42.4 42.4 42.4 42.4 42.2 42.3 42.4 39.6 41.1 41.8 42.1 42.3 42.3 42.3 42.4 42.4 42.4 42.4 42.3 42.4 42.5 42.4 42.4 42.3 42.4 42.4 42.4 35.3 39.5 41.1 41.8 42.1 42.2 42.3 42.4 42.4 42.4 39.6 41.1 41.8 42.2 42.3 42.2 42.3 42.3 45 43.5 42.7 42.5 38.9 40.8 41.6 44.5 40.7 41.6 42 42.2 42.3 42.2 42.4 42.4 42.3 42.4 42.4 42.4 42.3 42.3 42.3 42.1 39.6 41.1 41.8 42.1 42.2 42.4 42.3 42.4 39.7 41.2 41.9 42.1 42.3 42.3 42.4 42.4 45 40.7 41.6 42.1 42.2 42.3 42.3 42.3 39.7 41.2 41.7 39.4 41.1 41.9 42.1 42.3 39.5 38.3 40.5 41.6 41.9 42.3 42.4 39.5 41.1 41.8 42.1 42.3 45 43.5 40 41.3 42 39.4 41 41.8 35.1 39.5 38.3 40.5 41.6 42.1 42.2 42.3 39.6 41.1 41.8 39.3 41.1 40.2 41.4 42 42.2 42.3 42.4 42.3 42.3 42.4 42.4 42.4 42.4 42.4 42.4 42.4 42.4 42.3 42.3 42.4 45 43.4 42.8 42.6 42.4 42.4 42.4 45.1 43.5 42.9 42.6 42.4 42.4 41.9 39.7 41.2 39.1 40.9 41.7 42.1 42.2 42.3 42.3 42.3 42.3 42.3 42.3 42.3 42.4 39.4 41 42 42.2 45 43.4 42.8 42.6 42.4 42.4 42.3 36.6 37.8 40.2 41.4 41.9 42 42.3 42.3 42.4 39.6 41.1 41.8 42.1 42.3 42.3 42.3 42.3 42.3 42.4 39.6 41.1 41.8 42.1 42.2 39.6 41.2 44.5 43.3 42.8 42.5 42.3 42.4 42.4 42.4 42.3 42.4 42.3 42.3 42.4 39.7 41.1 41.8 42.3 42.4 42.4 42.3 42.4 45.1 40.8 41.6 42 42.2 39.5 41.1 41.8 42.1 42.3 42.3 42.4 42.4 42.3 42.4 42.4 39.4 41.1 40.3 41.7 44.7 43.4 42.8 39.8 41.2 41.8 39.5 41 41.8 42.1 42.3 42.3 42.4 42.3 42.3 42.4 42.4 42.4 42.4 42.4 42.4 39.6 41.1 41.8 42.1 42.3 42.3 45 43.4 42.8 42.6 42.5 42.4 42.3 42.4 39.6 41.3 41.9 42.1 42.3 42.1 45.1 43.2 42.8 42.7 40.8 39.1 40.6 41.7 40.6 39 37 37.2 40 41.2 41.9 42.3 39.6 41.1 41.8 42.1 42.3 39.5 41 41.9 42.2 42.3 41.9 42.2 42.3 42.4 42.4 42.4 42.4 42.3 42.4 42.5 42.4 39.6 41.1 41.9 44.8 43.4 40.1 41.3 41.9 42.2 42.3 39.5 41.1 41.8 42.1 39.4 41 41.8 41.4 44.8 46 43.9 42.9 42.7 42.4 45.1 40.7 41.6 42 42.2 39.5 41.1 41.8 42.1 42.2 42.3 42.3 40.7 42 42.1 42.3 42.3 39.5 41.2 41.9 42.3 42.4 39.5 41.1 41.8 39.4 43.5 40.2 41.4 41.8 42.3 42.3 42.4 42.5 42.5 42.5 39.6 41.1 41.8 42.1 44.9 43.4 42.8 42.5 42.4 42.3 42.4 45.1 43.5 42.9 42.5 42.4 38.8 40.8 41.6 39.3 41 41.8 42.1 42.2 39.5 41.1 41.8 42.1 42.2 39.4 41.3 41.9 42.1 42.2 42.3 42.3 42.4 42.4 42.3 42.3 42.3 42.3 42.3 42.4 42.4 40.9 39 38.1 40.4 41.5 41.9 42.2 42.3 42.5 42.4 39.5 41.2 41.9 44.8 43.4 40.1 41.4 40.4 41.7 42.1 42.3 42.3 37.9 40.5 38.8 40.9 41.6 42.1 42 42.3 39.6 41.1 41.8 42.1 42.3 42.3 42.3 42.3 39.6 34.1 38.9 41 41.9 42.2 42.3 39.5 41.1 41.9 42.1 42.3 42.4 39.5 41.1 41.9 42.2 42.4 39.6 38.4 40.6 41.5 44.8 43.3 42.8 42.5 42.4 42.4 42.1 45.2 40.5 41.8 42.1 39.5 43.7 43.1 42.7 42.4 39.6 41 42 39.4 40.9 41.7 42.1 42.4 42.4 42.4 42.2 42.4 42.5 42.4 42.4 42.4 42.4 42.4 42.4 45.1 43.5 42.9 42.6 42.5 42.4 42.4 42.4 42.4 42.3 42.3 42.4 39.6 41.2 37.5 33.6 35.9 39.2 41.1 41.8 42.1 42.3 36.8 33.3 38.6 40.6 41.6 42 39.5 41 41.8 39.5 41.1 41.7 42.2 42.4 42.3 42.4 45.1 43.5 42.8 42.5 42.5 42.3 42.4 42.1 42.4 42.4 42.3 42.3 42.4 39.6 41.2 41.8 42 42.3 42.3];
